DSC_0420.JPG 1977,1401,2636,1701,2 
DSC_0346.JPG 1952,1344,2418,1524,2 1350,1162,2972,1860,1 
DSC_0352.JPG 2103,1355,2608,1570,2 1413,1086,3315,2010,1 
DSC_0434.JPG 1662,1130,2449,2292,2 
DSC_0391.JPG 1379,1112,3233,2002,1 
DSC_0178.JPG 1313,835,3399,2359,1 
DSC_0144.JPG 2066,1297,2518,1754,2 
DSC_0636.JPG 2374,1901,2853,2292,2 1645,1567,3812,2842,1 
DSC_0187.JPG 1325,821,3425,2345,1 
DSC_0756.JPG 1978,1463,2616,1784,2 
DSC_0742.JPG 1446,1155,3026,2336,1 2005,1508,2445,1812,2 1,20,552,444,1 
DSC_0568.JPG 2390,620,3466,1056,1 2252,351,3048,629,1 2536,449,2740,504,2 
DSC_0554.JPG 575,1442,2666,2676,1 2286,1068,2600,1182,2 1758,888,3012,1436,1 
DSC_0232.JPG 1896,1350,2625,1826,2 
DSC_0597.JPG 2872,2103,3692,2669,2 
DSC_0583.JPG 2016,1356,3658,2186,1 2124,1092,2406,1186,2 1760,964,2796,1384,1 
DSC_0596.JPG 1854,1062,2857,1407,1 1436,1450,1772,1580,2 880,1278,2308,1864,1 
DSC_0555.JPG 1495,1358,3346,2349,1 1645,778,2799,1242,1 2066,925,2382,1038,2 
DSC_0233.JPG 2006,1274,2658,1764,2 
DSC_0569.JPG 2310,2044,3230,2678,1 2270,1558,2958,1984,1 2516,1702,2716,1804,2 
DSC_0780.JPG 1530,1121,3037,2212,1 2700,664,2921,830,2 
DSC_0743.JPG 1520,1232,3010,2379,1 2035,1572,2408,1894,2 1,13,559,438,1 
DSC_0186.JPG 1244,878,3196,2278,1 
DSC_0637.JPG 2041,1551,2553,1830,2 1366,1301,3203,2213,1 
DSC_0145.JPG 1975,1278,2590,1774,2 
DSC_0623.JPG 2024,1580,2503,1934,2 1328,1351,3132,2434,1 
DSC_0179.JPG 1490,893,3333,2226,1 
DSC_0390.JPG 1324,1112,3227,2015,1 
DSC_0384.JPG 1397,1179,3035,1874,1 
DSC_0353.JPG 2081,1367,2583,1556,2 1493,1108,3307,1972,1 
DSC_0421.JPG 1977,1438,2603,1680,2 
DSC_0347.JPG 1997,1352,2501,1530,2 1313,1115,3031,1921,1 
DSC_0379.JPG 1426,1136,3202,2008,1 
DSC_0351.JPG 2087,1318,2534,1542,2 1385,1099,3102,1906,1 
DSC_0345.JPG 1959,1338,2479,1561,2 1377,1115,3183,1992,1 
DSC_0423.JPG 1937,1434,2603,1680,2 
DSC_0392.JPG 1353,1197,3063,1951,1 
DSC_0609.JPG 2256,2323,2989,2893,2 
DSC_0635.JPG 2732,2742,3653,3072,2 1362,1971,4608,3072,1 
DSC_0147.JPG 1894,1321,2571,1693,2 
DSC_0184.JPG 1415,864,3401,2293,1 
DSC_0769.JPG 2016,1606,2647,1906,2 
DSC_0741.JPG 1,12,561,446,1 1470,1175,2937,2223,1 2022,1502,2449,1757,2 
DSC_0755.JPG 1954,1471,2607,1830,2 
DSC_0219.JPG 1996,1278,2611,1778,2 
DSC_0543.JPG 2329,1732,2802,2005,2 1861,1162,2169,1285,2 1450,1012,2595,1505,1 1694,1458,3506,2448,1 
DSC_0225.JPG 1915,1269,2568,1774,2 
DSC_0231.JPG 1958,1359,2658,1754,2 
DSC_0580.JPG 3320,1334,4578,1942,1 3852,1528,4182,1676,2 2360,1744,4176,2890,1 
DSC_0594.JPG 2016,1384,3099,1747,1 826,1496,2238,2034,1 1366,1661,1671,1779,2 
DSC_0595.JPG 2138,1736,3172,2363,1 1545,2432,1855,2662,2 1078,2152,2338,3059,1 
DSC_0581.JPG 1944,1472,2228,1576,2 1454,1316,2598,1790,1 364,1788,2192,2778,1 
DSC_0230.JPG 1987,1397,2639,1712,2 
DSC_0542.JPG 2239,1565,2719,1858,2 1778,912,2142,1052,2 1315,748,2619,1285,1 1548,1262,3546,2366,1 
DSC_0224.JPG 1877,1278,2587,1774,2 
DSC_0218.JPG 2096,1307,2539,1745,2 
DSC_0754.JPG 1970,1453,2630,1924,2 
DSC_0740.JPG 1,18,555,443,1 1540,1272,2873,2199,1 2006,1558,2412,1786,2 
DSC_0768.JPG 1957,1559,2636,1942,2 
DSC_0185.JPG 1430,978,3220,2102,1 
DSC_0146.JPG 1913,1297,2613,1740,2 
DSC_0634.JPG 2103,1480,2470,1638,2 1582,1255,2916,1955,1 
DSC_0393.JPG 2045,1396,2549,1784,2 
DSC_0344.JPG 1937,1345,2494,1602,2 1250,1112,3173,2042,1 
DSC_0422.JPG 1977,1434,2603,1676,2 
DSC_0350.JPG 2078,1334,2414,1544,2 1431,1147,3021,1818,1 
DSC_0354.JPG 2071,1390,2519,1537,2 1482,1172,3111,1865,1 
DSC_0426.JPG 1987,1392,2466,1713,2 
DSC_0368.JPG 1443,1165,3087,1892,1 
DSC_0383.JPG 1410,1108,3246,1998,1 
DSC_0630.JPG 2812,1380,3107,1546,2 2412,1284,3649,1780,1 
DSC_0156.JPG 1890,1359,2571,1735,2 
DSC_0142.JPG 1852,1235,2494,1740,2 
DSC_0624.JPG 1949,1617,2403,1863,2 1249,1355,3041,2330,1 
DSC_0618.JPG 2320,1284,3103,1788,2 1570,905,4170,2451,1 
DSC_0181.JPG 1385,959,3166,2088,1 
DSC_0744.JPG 1573,1230,2865,2131,1 2086,1493,2370,1789,2 1,6,559,436,1 
DSC_0778.JPG 2064,1554,2488,2007,2 
DSC_0787.JPG 1636,1142,3112,2189,1 2700,664,2921,830,2 
DSC_0220.JPG 1892,1245,2615,1731,2 
DSC_0546.JPG 3082,1538,3380,1694,2 1820,1628,2186,1772,2 1430,1464,2646,1930,1 2650,1420,3854,1868,1 
DSC_0234.JPG 2058,1293,2530,1740,2 
DSC_0208.JPG 1315,864,3363,2369,1 
DSC_0591.JPG 1218,1308,3479,2136,1 2182,1562,2609,1785,2 4275,1292,4608,1942,1 
DSC_0590.JPG 625,1328,2606,2035,1 
DSC_0209.JPG 1363,974,3163,2102,1 
DSC_0553.JPG 2589,945,4212,2025,1 705,1,1831,232,1 1193,1,1460,49,2 
DSC_0235.JPG 2101,1297,2544,1745,2 
DSC_0221.JPG 1944,1245,2611,1669,2 
DSC_0547.JPG 1295,1975,1848,2173,2 3266,1814,3660,1970,2 2586,1606,4344,2224,1 674,1730,2520,2502,1 
DSC_0786.JPG 1583,1159,3067,2212,1 2724,652,2903,812,2 
DSC_0779.JPG 1748,1198,2978,2012,1 2700,664,2921,830,2 
DSC_0745.JPG 1562,1240,2869,2127,1 2079,1495,2361,1793,2 1,22,555,439,1 
DSC_0180.JPG 1366,964,3156,2093,1 
DSC_0619.JPG 1653,1946,2099,2263,2 799,1688,2774,2688,1 
DSC_0143.JPG 2047,1297,2509,1750,2 
DSC_0625.JPG 1878,1692,2416,1951,2 1207,1384,3041,2430,1 
DSC_0631.JPG 1999,1476,2424,1676,2 1428,1276,2966,2030,1 
DSC_0157.JPG 1871,1312,2513,1669,2 
DSC_0382.JPG 1263,1102,3180,2028,1 
DSC_0369.JPG 1413,1138,3143,1975,1 
DSC_0427.JPG 1749,1221,3028,2134,2 
DSC_0355.jpg 2017,1392,2528,1583,2 1310,1144,3112,2008,1 
DSC_0343.JPG 1963,1352,2423,1609,2 1225,1142,3028,1999,1 
DSC_0425.JPG 1966,1392,2620,1704,2 
DSC_0357.JPG 2072,1385,2491,1612,2 1509,1142,3218,1977,1 
DSC_0419.JPG 1949,1384,2633,1730,2 
DSC_0380.JPG 1366,1192,3046,1914,1 
DSC_0394.JPG 1999,1334,2607,1851,2 
DSC_0627.JPG 1982,1692,2416,1938,2 1453,1413,3103,2342,1 
DSC_0141.JPG 1856,1254,2561,1731,2 
DSC_0633.JPG 1862,1288,2228,1480,2 1349,1138,2678,1742,1 
DSC_0169.JPG 1166,883,3147,2297,1 
DSC_0182.JPG 1199,883,3147,2283,1 
DSC_0196.JPG 1292,835,3377,2354,1 
DSC_0753.JPG 2079,1467,2518,1912,2 
DSC_0747.JPG 1606,1151,2848,1989,1 2051,1433,2426,1615,2 1,8,564,429,1 
DSC_0790.JPG 1651,1142,3142,2200,1 2700,664,2921,830,2 
DSC_0237.JPG 1949,1254,2682,1726,2 
DSC_0551.JPG 2336,1958,3702,2873,1 294,1118,1448,1525,1 720,1250,1086,1323,2 
DSC_0545.JPG 3187,1476,3555,1666,2 1583,1674,2055,1932,2 1065,1442,2658,2177,1 2635,1292,4095,1942,1 
DSC_0223.JPG 1934,1278,2625,1669,2 
DSC_0579.JPG 2266,1160,3456,1704,1 2752,1340,3068,1460,2 1152,1558,2980,2602,1 
DSC_0592.JPG 2118,1438,3478,1906,1 552,1538,2011,2123,1 1100,1714,1402,1866,2 
DSC_0593.JPG 2004,1462,3109,1905,1 784,1667,2259,2348,1 1347,1863,1671,2017,2 
DSC_0578.JPG 2886,2193,3106,2302,2 
DSC_0544.JPG 2309,1812,2846,2106,2 3412,1292,3750,1440,2 2848,1092,4218,1724,1 1580,1500,3550,2612,1 
DSC_0222.JPG 1953,1283,2587,1635,2 
DSC_0236.JPG 1987,1259,2620,1764,2 
DSC_0550.JPG 1991,1328,3122,1938,1 748,677,1615,953,1 1059,765,1323,833,2 
DSC_0785.JPG 1730,1230,2947,2042,1 2700,664,2901,818,2 
DSC_0791.JPG 1730,1188,2954,2069,1 2700,664,2921,830,2 
DSC_0746.JPG 1410,1105,2953,2239,1 1941,1441,2371,1738,2 1,15,562,431,1 
DSC_0197.JPG 1420,874,3387,2312,1 
DSC_0183.JPG 1271,831,3347,2345,1 
DSC_0168.JPG 1380,969,3175,2093,1 
DSC_0632.JPG 2145,1576,2645,1834,2 1557,1305,3370,2284,1 
DSC_0626.JPG 1812,1567,2237,1792,2 1216,1321,2866,2142,1 
DSC_0140.JPG 1871,1254,2566,1697,2 
DSC_0381.JPG 1273,1135,3013,1968,1 
DSC_0418.JPG 1957,1396,2557,1726,2 
DSC_0430.JPG 1491,1049,2570,2355,2 
DSC_0356.JPG 2064,1367,2582,1587,2 1382,1123,3292,2030,1 
DSC_0424.JPG 1929,1409,2629,1696,2 
DSC_0325.JPG 2012,1335,2530,1580,2 1317,1112,3226,2022,1 
DSC_0443.JPG 1624,917,2945,2242,2 
DSC_0457.JPG 945,56,4007,3017,1 
DSC_0669.JPG 1491,1117,3249,2092,1 
DSC_0127.JPG 1999,1431,2675,1835,2 
DSC_0133.JPG 1875,1435,2585,1912,2 
DSC_0655.JPG 1770,1667,1953,1842,2 1478,1584,2249,1946,1 
DSC_0682.JPG 1416,1596,2882,2642,1 
DSC_0696.JPG 1018,1489,2130,1995,1 1501,1618,1766,1818,2 3930,1636,4608,2012,1 
DSC_0721.JPG 1,16,561,443,1 1580,1132,2988,2132,1 
DSC_0090.JPG 1580,1126,2909,2064,1 
DSC_0084.JPG 1866,1278,2518,1793,2 
DSC_0279.JPG 1828,1163,2607,1673,2 855,601,3586,2601,1 
DSC_0523.JPG 2072,1265,2722,1815,2 1105,655,3586,2776,1 
DSC_0245.JPG 1872,1226,2563,1697,2 
DSC_0292.JPG 2103,1366,2489,1746,2 1445,1032,3179,2198,1 
DSC_0286.JPG 1979,1235,2724,1656,2 1010,698,3514,2491,1 
DSC_0287.JPG 1982,1201,2720,1725,2 987,632,3749,2649,1 
DSC_0293.JPG 2138,1415,2455,1701,2 1634,1149,2972,2056,1 
DSC_0522.JPG 1882,1738,2166,1955,2 1441,1518,2672,2269,1 
DSC_0244.JPG 1915,1231,2472,1693,2 
DSC_0536.JPG 1024,1602,1272,1728,2 2130,1416,2420,1514,2 616,1448,1724,1942,1 1782,1306,2800,1684,1 
DSC_0278.JPG 1876,1201,2627,1667,2 876,649,3462,2511,1 
DSC_0085.JPG 1866,1278,2447,1778,2 
DSC_0091.JPG 1556,1083,3023,2174,1 
DSC_0720.JPG 1,9,565,443,1 1640,1172,2907,2018,1 
DSC_0708.JPG 583,1942,2095,2800,1 2248,1183,3065,1524,1 2525,1275,2695,1418,2 
DSC_0683.JPG 2207,1730,3757,2738,1 3845,1451,4608,1988,1 
DSC_0132.JPG 1923,1483,2556,1816,2 
DSC_0654.JPG 1899,1142,2056,1216,2 1673,1058,2310,1335,1 
DSC_0640.JPG 1315,973,1617,1125,2 817,793,2083,1345,1 
DSC_0126.JPG 2018,1364,2633,1888,2 
DSC_0668.JPG 1462,1142,3570,2255,1 
DSC_0481.JPG 1170,430,3624,2821,1 1982,1330,2787,1905,2 
DSC_0456.JPG 853,97,3682,2876,1 
DSC_0324.JPG 2087,1360,2496,1593,2 1346,1142,3076,1970,1 
DSC_0442.JPG 1678,1373,2870,2213,2 
DSC_0468.JPG 974,279,3524,2784,1 
DSC_0440.JPG 1828,1262,2662,2451,2 
DSC_0326.JPG 1997,1302,2476,1510,2 1458,1090,3148,1900,1 
DSC_0497.JPG 725,113,3558,2925,1 1599,1142,2624,1880,2 
DSC_0483.JPG 1003,1,4232,3072,1 2114,1097,3140,1947,2 
DSC_0118.JPG 1890,1426,2537,1802,2 
DSC_0656.JPG 1874,1459,2112,1621,2 1603,1385,2453,1755,1 
DSC_0130.JPG 2066,1397,2513,1859,2 
DSC_0124.JPG 1985,1388,2704,1845,2 
DSC_0695.JPG 1276,1184,2118,1536,1 3866,1555,4608,2105,1 1659,1292,1812,1429,2 
DSC_0078.JPG 2109,1307,2552,1783,2 
DSC_0722.JPG 1,9,565,443,1 1510,1082,3053,2206,1 
DSC_0087.JPG 1547,1097,2880,1974,1 
DSC_0093.JPG 1447,1040,3004,2202,1 
DSC_0508.JPG 536,1,3853,3072,1 1674,976,2641,1880,2 
DSC_0246.JPG 1839,1235,2549,1640,2 
DSC_0520.JPG 2536,1852,2752,1958,2 2169,1718,3089,2156,1 1173,1080,1865,1282,1 1451,1149,1608,1190,2 
DSC_0534.JPG 2124,1857,2469,2052,2 1042,1595,1289,1770,2 591,1415,1687,2042,1 1717,1628,2804,2362,1 
DSC_0285.JPG 1962,1280,2641,1615,2 1114,791,3469,2298,1 
DSC_0291.JPG 1503,1029,3227,2204,1 2169,1370,2548,1760,2 
DSC_0290.JPG 2034,1208,2517,1684,2 1114,784,3441,2294,1 
DSC_0284.JPG 1862,1191,2627,1673,2 982,626,3651,2574,1 
DSC_0535.JPG 2408,1386,2792,1528,2 916,1670,1298,1892,2 310,1424,1970,2342,1 1936,1206,3316,1821,1 
DSC_0247.JPG 1887,1321,2515,1621,2 
DSC_0521.JPG 2256,1698,2509,1808,2 1908,1562,2872,2015,1 1423,880,2065,1071,1 1681,948,1823,987,2 
DSC_0509.JPG 915,92,3861,3072,1 1874,992,2791,1917,2 
DSC_0092.JPG 1456,1021,3080,2250,1 
DSC_0086.JPG 1566,1078,2875,1974,1 
DSC_0737.JPG 1,17,556,443,1 1459,1175,2969,2275,1 2040,1483,2446,1809,2 
DSC_0079.JPG 2009,1293,2623,1821,2 
DSC_0694.JPG 3912,1600,4608,2000,1 1462,977,2154,1236,1 1747,1044,1907,1124,2 
DSC_0125.JPG 2075,1364,2513,1831,2 
DSC_0131.JPG 1875,1407,2594,1878,2 
DSC_0119.JPG 1833,1378,2561,1878,2 
DSC_0482.JPG 820,39,3695,2888,1 1815,1100,2724,1801,2 
DSC_0496.JPG 670,1,3778,3033,1 1707,1076,2687,1942,2 
DSC_0441.JPG 1712,1162,3024,2526,2 
DSC_0327.JPG 2076,1353,2519,1525,2 1478,1156,3114,1865,1 
DSC_0469.JPG 737,121,3624,2992,1 
DSC_0337.JPG 1476,1195,3160,1945,1 2067,1412,2540,1578,2 
DSC_0323.JPG 2132,1375,2474,1602,2 1479,1182,3142,1896,1 
DSC_0445.JPG 1558,804,2944,2184,2 
DSC_0486.JPG 991,117,4003,3038,1 1991,971,2887,1896,2 
DSC_0135.JPG 2071,1374,2704,1897,2 
DSC_0653.JPG 1844,1876,2163,2031,2 1360,1663,2683,2306,1 
DSC_0647.JPG 1494,990,1728,1114,2 1130,836,2165,1279,1 
DSC_0109.JPG 1433,1026,3071,2235,1 
DSC_0690.JPG 683,1818,2201,2653,1 4018,1500,4608,1932,1 
DSC_0684.JPG 2199,1371,3328,1971,1 3812,1455,4608,1984,1 
DSC_0082.JPG 1861,1345,2561,1759,2 
DSC_0525.JPG 2862,1912,3432,2266,2 2176,1512,4179,2943,1 1815,1,2816,188,1 
DSC_0257.JPG 844,626,3539,2621,1 1796,1183,2525,1664,2 
DSC_0519.JPG 3999,2263,4456,2476,2 3246,2018,4608,2849,1 1,945,979,1295,1 1,1056,355,1104,2 
DSC_0294.JPG 2145,1418,2462,1715,2 1642,1146,2973,2080,1 
DSC_0518.JPG 2249,2569,2632,2806,2 1501,2353,3382,3072,1 
DSC_0256.JPG 963,735,3411,2483,1 1992,1226,2572,1712,2 
DSC_0524.JPG 988,1752,1548,2059,2 395,1412,2226,2656,1 951,1,1865,158,1 
DSC_0083.JPG 1875,1326,2575,1754,2 
DSC_0685.JPG 2166,1009,3099,1476,1 3845,1417,4608,2092,1 
DSC_0691.JPG 2265,1913,3742,2742,1 3912,1592,4608,2000,1 2737,2173,3059,2442,2 
DSC_0108.JPG 1518,1126,2847,2054,1 
DSC_0646.JPG 1570,1184,1937,1346,2 1070,1042,2528,1696,1 
DSC_0134.JPG 1971,1401,2423,1873,2 
DSC_0652.JPG 1819,1984,1960,2064,2 1600,1907,2198,2181,1 
DSC_0487.JPG 920,54,3932,2975,1 1857,1046,2866,1834,2 
DSC_0322.JPG 2189,1327,2505,1522,2 1560,1122,3170,1818,1 
DSC_0444.JPG 1716,888,2882,2096,2 
DSC_0320.JPG 2096,1397,2548,1692,2 1516,1039,3113,2222,1 
DSC_0308.JPG 1469,1042,3107,2284,1 2062,1418,2507,1746,2 
DSC_0485.JPG 995,309,3532,2780,1 1945,1101,2545,1921,2 
DSC_0644.JPG 2078,1384,2637,1671,2 1487,1146,3303,2088,1 
DSC_0650.JPG 1558,1385,1718,1468,2 1346,1309,1967,1569,1 
DSC_0136.JPG 2075,1369,2694,1892,2 
DSC_0678.JPG 1478,1146,3020,1913,1 
DSC_0687.JPG 1420,809,2187,1184,1 3832,1447,4608,2009,1 
DSC_0693.JPG 2205,959,2842,1212,1 3907,1606,4608,2000,1 2441,1028,2601,1118,2 
DSC_0730.JPG 1,9,565,443,1 1480,1108,3037,2263,1 2024,1453,2462,1763,2 
DSC_0718.JPG 1,9,565,443,1 1354,1082,2886,2190,1 
DSC_0081.JPG 1913,1355,2556,1717,2 
DSC_0532.JPG 2778,1406,3216,1574,2 1754,1106,2026,1198,2 1286,976,2456,1418,1 2236,1204,3704,1904,1 
DSC_0254.JPG 1206,812,3520,2269,1 2149,1231,2582,1664,2 
DSC_0240.JPG 1896,1288,2611,1712,2 
DSC_0268.JPG 901,721,3501,2602,1 1915,1288,2653,1707,2 
DSC_0283.JPG 1845,1160,2586,1677,2 845,601,3572,2591,1 
DSC_0269.JPG 992,650,3711,2659,1 1958,1216,2682,1702,2 
DSC_0533.JPG 2194,1772,2546,1966,2 1044,1510,1312,1684,2 564,1316,1730,1972,1 1756,1516,2930,2312,1 
DSC_0255.JPG 1206,807,3520,2264,1 2134,1235,2577,1654,2 
DSC_0080.JPG 1923,1312,2633,1802,2 
DSC_0094.JPG 1556,1126,2880,2059,1 
DSC_0719.JPG 1,9,564,443,1 1540,1085,2943,2126,1 
DSC_0731.JPG 1,16,559,441,1 1553,1093,2963,2140,1 2006,1421,2430,1686,2 
DSC_0692.JPG 2230,1206,3054,1536,1 3889,1612,4608,2012,1 2478,1263,2712,1442,2 
DSC_0686.JPG 2178,813,2928,1188,1 3837,1459,4608,1996,1 
DSC_0679.JPG 1470,1292,2999,1992,1 
DSC_0651.JPG 1630,1917,1781,2001,2 1413,1842,2034,2115,1 
DSC_0137.JPG 2013,1426,2647,1793,2 
DSC_0645.JPG 2132,1751,2620,2046,2 1482,1451,3370,2509,1 
DSC_0484.JPG 928,84,3995,3072,1 2012,1063,2874,2017,2 
DSC_0309.JPG 2065,1411,2486,1739,2 1520,1055,3083,2233,1 
DSC_0321.JPG 1718,1135,3038,2033,1 2214,1402,2497,1685,2 
DSC_0338.JPG 2047,1389,2580,1599,2 1337,1132,3210,2035,1 
DSC_0462.JPG 1,706,3072,3731,1 
DSC_0310.JPG 1597,1146,2931,2073,1 2124,1411,2420,1704,2 
DSC_0489.JPG 915,297,3420,2730,1 1708,1197,2583,1771,2 
DSC_0648.JPG 1123,1124,1399,1244,2 720,938,1831,1450,1 
DSC_0660.JPG 2262,2180,2699,2513,2 1791,1884,3199,2830,1 
DSC_0112.JPG 1542,1116,2875,2074,1 
DSC_0674.JPG 1657,1246,2999,1980,1 
DSC_0728.JPG 1,9,564,443,1 1623,1178,2903,2096,1 2099,1444,2392,1747,2 
DSC_0700.JPG 2248,1936,3748,2783,1 583,1942,2112,2917,1 1230,2171,1641,2488,2 
DSC_0258.JPG 1001,635,3582,2488,1 1844,1174,2577,1597,2 
DSC_0270.JPG 1988,1228,2653,1758,2 1130,702,3699,2586,1 
DSC_0516.JPG 2166,1978,2686,2236,2 1385,1642,3422,2703,1 28,302,1358,708,1 579,437,852,521,2 
DSC_0502.JPG 866,255,3441,2805,1 1795,1134,2432,1955,2 
DSC_0503.JPG 126,1000,3016,3941,1 1071,2081,2011,2896,2 
DSC_0265.JPG 968,626,3677,2597,1 1953,1216,2668,1674,2 
DSC_0271.JPG 2028,1215,2542,1698,2 1108,798,3446,2313,1 
DSC_0517.JPG 2879,2083,3289,2296,2 2129,1828,4072,2723,1 
DSC_0259.JPG 1925,1225,2558,1564,2 1092,802,3377,2240,1 
DSC_0729.JPG 1,16,558,442,1 1513,1178,2873,2133,1 2062,1447,2402,1742,2 
DSC_0113.JPG 1447,1021,3071,2240,1 
DSC_0675.JPG 1541,1284,3124,2026,1 
DSC_0661.JPG 1508,1462,2955,2244,1 
DSC_0107.JPG 1509,1131,2847,2054,1 
DSC_0649.JPG 1714,1338,1928,1488,2 1452,1212,2202,1579,1 
DSC_0488.JPG 936,62,3840,2896,1 1891,1026,2824,1763,2 
DSC_0311.JPG 2120,1415,2420,1711,2 1606,1149,2931,2080,1 
DSC_0305.JPG 1520,1039,3110,2222,1 2062,1404,2531,1708,2 
DSC_0463.JPG 331,1111,2861,3726,1 
DSC_0313.JPG 2112,1408,2429,1711,2 1606,1148,2927,2075,1 
DSC_0461.JPG 1,706,3072,3886,1 
DSC_0307.JPG 2058,1467,2482,1722,2 1496,1118,2962,2204,1 
DSC_0139.JPG 1942,1307,2575,1659,2 
DSC_0677.JPG 1507,1238,2920,1951,1 
DSC_0111.JPG 1418,1021,3061,2250,1 
DSC_0663.JPG 1699,1230,2887,1805,1 
DSC_0688.JPG 1307,1089,2101,1424,1 3877,1524,4608,1936,1 
DSC_0717.JPG 1,13,558,443,1 1417,1102,2857,2099,1 
DSC_0529.JPG 1918,1812,2392,2106,2 2792,1292,3102,1425,2 1178,1535,2982,2566,1 2286,1122,3506,1662,1 
DSC_0267.JPG 1068,816,3382,2274,1 1915,1293,2553,1602,2 
DSC_0501.JPG 850,151,3645,2905,1 1782,1030,2720,1896,2 
DSC_0515.JPG 3179,1875,3516,2035,2 2706,1675,4002,2343,1 2048,770,2789,985,1 2354,842,2534,893,2 
DSC_0273.JPG 2018,1222,2536,1675,2 1118,792,3446,2303,1 
DSC_0514.JPG 241,1087,2891,3666,1 1021,1936,1976,2726,2 
DSC_0272.JPG 2038,1218,2512,1688,2 1102,792,3446,2283,1 
DSC_0266.JPG 1930,1226,2672,1654,2 1039,654,3682,2574,1 
DSC_0500.JPG 752,25,3899,3072,1 1769,1059,2795,1917,2 
DSC_0528.JPG 1905,1458,2226,1625,2 1415,1251,2666,1921,1 211,479,1125,769,1 552,581,795,640,2 
DSC_0702.JPG 2742,2167,3066,2442,2 2260,1900,3742,2771,1 2234,1189,3059,1536,1 
DSC_0689.JPG 1018,1383,2083,1883,1 3824,1463,4608,2030,1 
DSC_0662.JPG 1212,1742,2907,2738,1 
DSC_0676.JPG 1691,1263,3049,1921,1 
DSC_0110.JPG 1537,1131,2875,2059,1 
DSC_0138.JPG 2033,1421,2661,1797,2 
DSC_0460.JPG 61,916,2951,3831,1 
DSC_0306.JPG 2072,1442,2489,1663,2 1603,1139,2941,2063,1 
DSC_0312.JPG 2112,1415,2419,1708,2 1602,1156,2932,2063,1 
DSC_0474.JPG 832,62,3887,3072,1 
DSC_0470.JPG 774,1,3962,3072,1 
DSC_0464.JPG 1053,341,3553,2721,1 
DSC_0458.JPG 155,686,3072,3711,1 
DSC_0114.JPG 1571,1154,2923,2116,1 
DSC_0672.JPG 1345,1031,3686,2151,1 
DSC_0666.JPG 1128,1163,2895,2246,1 
DSC_0128.JPG 2037,1416,2671,1788,2 
DSC_0706.JPG 1004,1495,2089,1995,1 2242,1200,3059,1530,1 2536,1295,2683,1412,2 
DSC_0712.JPG 1,23,553,443,1 1523,1099,2930,2083,1 
DSC_0074.JPG 1947,1331,2652,1674,2 
DSC_0504.JPG 759,79,3778,3067,1 1799,1030,2637,1846,2 
DSC_0276.JPG 1077,608,3683,2506,1 1934,1142,2686,1632,2 
DSC_0538.JPG 1900,1324,2517,1529,2 1108,1082,3208,1887,1 1,934,1188,1587,1 18,1124,478,1299,2 
DSC_0289.JPG 1986,1156,2593,1660,2 1152,656,3638,2435,1 
DSC_0288.JPG 1245,735,3810,2604,1 2097,1252,2741,1784,2 
DSC_0539.JPG 2544,1547,2847,1658,2 1622,1430,1844,1517,2 1229,1335,2199,1670,1 2154,1420,3217,1840,1 
DSC_0277.JPG 1900,1191,2562,1563,2 1062,767,3376,2228,1 
DSC_0505.JPG 972,84,3828,2976,1 1882,1076,2803,1776,2 
DSC_0075.JPG 1913,1293,2628,1797,2 
DSC_0698.JPG 1248,2189,1600,2465,2 573,1946,2094,2819,1 3928,1534,4608,2088,1 
DSC_0129.JPG 1956,1374,2656,1902,2 
DSC_0667.JPG 1220,1109,3366,2201,1 
DSC_0115.JPG 1413,1007,3037,2231,1 
DSC_0673.JPG 1757,1226,3182,1959,1 
DSC_0459.JPG 371,1086,2751,3551,1 
DSC_0465.JPG 944,58,3953,2988,1 
DSC_0471.JPG 941,38,4074,3068,1 
DSC_0467.JPG 1058,22,4074,2988,1 
DSC_0315.JPG 2087,1370,2487,1591,2 1636,1111,2933,1977,1 
DSC_0473.JPG 119,991,2976,3936,1 
DSC_0329.JPG 2081,1353,2598,1548,2 1380,1109,3166,1960,1 
DSC_0498.JPG 948,275,3445,2796,1 1778,1238,2707,1934,2 
DSC_0665.JPG 1866,1613,2695,2055,1 
DSC_0671.JPG 1512,1101,3341,2051,1 
DSC_0117.JPG 1861,1388,2575,1897,2 
DSC_0077.JPG 2047,1274,2652,1797,2 
DSC_0711.JPG 1,6,564,440,1 1717,1169,2977,2053,1 
DSC_0705.JPG 2224,1200,3059,1542,1 1471,988,2135,1236,1 2487,1246,2724,1413,2 
DSC_0739.JPG 1,17,552,443,1 1543,1212,3054,2362,1 2035,1547,2479,1843,2 
DSC_0088.JPG 1571,1116,2904,2064,1 
DSC_0513.JPG 56,947,2957,3906,1 986,2011,1941,2801,2 
DSC_0275.JPG 1955,1132,2682,1668,2 962,595,3682,2573,1 
DSC_0507.JPG 686,68,3749,3072,1 1778,1080,2741,1892,2 
DSC_0249.JPG 1872,1278,2553,1778,2 
DSC_0248.JPG 1820,1307,2549,1750,2 
DSC_0506.JPG 907,326,3494,2863,1 1778,1234,2641,1851,2 
DSC_0274.JPG 1948,1178,2626,1722,2 941,665,3509,2516,1 
DSC_0089.JPG 1561,1112,2909,2069,1 
DSC_0738.JPG 1,8,558,439,1 1473,1165,3065,2371,1 2033,1510,2481,1840,2 
DSC_0704.JPG 2720,2130,3095,2476,2 2259,1913,3736,2765,1 1501,989,2124,1230,1 
DSC_0076.JPG 1975,1307,2671,1812,2 
DSC_0710.JPG 1717,1222,3023,2136,1 1,10,561,432,1 
DSC_0670.JPG 1224,1088,3262,2046,1 
DSC_0116.JPG 1990,1411,2447,1868,2 
DSC_0664.JPG 1578,1096,2612,1613,1 
DSC_0499.JPG 752,25,3899,3072,1 1878,1150,2853,1921,2 
DSC_0328.JPG 2080,1342,2596,1546,2 1377,1108,3162,1952,1 
DSC_0314.JPG 2008,1411,2460,1739,2 1417,1048,3051,2273,1 
DSC_0472.JPG 1149,351,3703,2859,1 
DSC_0466.JPG 974,55,3990,3021,1 
DSC_0429.JPG 1728,1182,2553,2355,2 
DSC_0401.JPG 2049,1388,2528,1688,2 
DSC_0367.JPG 1480,1132,3250,1982,1 
DSC_0373.JPG 1293,1135,3027,1958,1 
DSC_0398.JPG 1899,1385,2608,1755,2 
DSC_0159.JPG 1780,1288,2494,1783,2 
DSC_0165.JPG 1266,826,3356,2350,1 
DSC_0603.JPG 2352,1822,3396,2576,2 
DSC_0617.JPG 1459,771,4001,2621,1 2182,1208,3049,1717,2 
DSC_0777.JPG 1978,1536,2642,2006,2 
DSC_0763.JPG 1979,1508,2691,1934,2 
DSC_0788.JPG 1701,1230,2942,2036,1 2700,664,2921,830,2 
DSC_0549.JPG 1921,1465,2986,1995,1 1184,799,1915,1013,1 1478,869,1646,920,2 
DSC_0213.JPG 1425,854,3387,2302,1 
DSC_0207.JPG 1244,840,3349,2378,1 
DSC_0561.JPG 2206,1320,3140,1724,1 990,1254,1978,1599,1 1415,1347,1626,1444,2 
DSC_0206.JPG 1239,869,3187,2274,1 
DSC_0560.JPG 2508,1362,3690,1862,1 1950,1321,2190,1401,2 1539,1214,2568,1571,1 
DSC_0574.JPG 1704,1534,1921,1653,2 1349,1378,2201,1848,1 601,1818,1739,2530,1 
DSC_0212.JPG 1287,859,3420,2392,1 
DSC_0548.JPG 1408,1448,3012,2193,1 168,482,1335,825,1 613,596,898,670,2 
DSC_0789.JPG 1583,1147,3036,2177,1 2700,664,2921,830,2 
DSC_0762.JPG 1999,1500,2619,1829,2 
DSC_0776.JPG 1978,1530,2677,1947,2 
DSC_0616.JPG 2074,1130,2728,1792,2 951,736,3736,2689,1 
DSC_0170.JPG 1271,831,3361,2364,1 
DSC_0164.JPG 1323,893,3218,2264,1 
DSC_0602.JPG 2332,1878,3379,2263,2 64,108,1301,341,1 
DSC_0158.JPG 1813,1278,2513,1726,2 
DSC_0399.JPG 1845,1369,2554,1739,2 
DSC_0372.JPG 1410,1165,3063,1872,1 
DSC_0400.JPG 1891,1373,2600,1743,2 
DSC_0366.JPG 1300,1118,3220,2045,1 
DSC_0428.JPG 1453,1083,2707,2438,2 
DSC_0358.JPG 2055,1372,2402,1607,2 1377,1182,3054,1907,1 
DSC_0416.JPG 1907,1417,2632,1767,2 
DSC_0370.JPG 1293,1112,3207,2028,1 
DSC_0364.JPG 1467,1158,3127,1868,1 
DSC_0402.JPG 1945,1375,2603,1754,2 
DSC_0628.JPG 1941,1559,2616,1942,2 1166,1155,3270,2613,1 
DSC_0614.JPG 1649,1109,2466,1617,2 624,551,3466,2642,1 
DSC_0600.JPG 2999,1055,3729,1485,2 
DSC_0166.JPG 1275,835,3356,2345,1 
DSC_0199.JPG 1435,968,3230,2106,1 
DSC_0748.JPG 1452,1069,2983,2180,1 2001,1401,2417,1684,2 1,10,562,438,1 
DSC_0238.JPG 1948,1264,2634,1674,2 
DSC_0562.JPG 2356,1349,3683,1849,1 982,1477,1280,1612,2 365,1352,1808,1832,1 
DSC_0204.JPG 1372,854,3296,2240,1 
DSC_0210.JPG 1368,974,3168,2107,1 
DSC_0589.JPG 2006,1394,3094,1770,1 394,1408,1600,1768,1 902,1504,1158,1614,2 
DSC_0588.JPG 2018,1658,3540,2260,1 504,1530,1964,2020,1 1114,1672,1450,1792,2 
DSC_0211.JPG 1268,878,3211,2269,1 
DSC_0577.JPG 2918,2168,3128,2286,2 
DSC_0563.JPG 1916,1338,3080,1776,1 984,1596,1276,1726,2 514,1430,1806,2004,1 
DSC_0205.JPG 1363,945,3149,2083,1 
DSC_0239.JPG 1972,1278,2606,1650,2 
DSC_0761.JPG 2041,1421,2724,1889,2 
DSC_0198.JPG 1434,974,3230,2093,1 
DSC_0601.JPG 765,865,1535,1255,2 
DSC_0167.JPG 1452,859,3385,2245,1 
DSC_0615.JPG 2049,1413,2857,1759,2 1141,796,3862,2655,1 
DSC_0629.JPG 1882,1455,2407,1701,2 1224,1155,3070,2180,1 
DSC_0365.JPG 1353,1125,3133,1985,1 
DSC_0403.JPG 1957,1371,2615,1750,2 
DSC_0417.JPG 2012,1417,2457,1713,2 
DSC_0371.JPG 1404,1118,3232,2003,1 
DSC_0359.JPG 1430,1178,3080,1882,1 
DSC_0375.JPG 1527,1142,3273,1988,1 
DSC_0361.JPG 1323,1148,3123,2035,1 
DSC_0349.JPG 2049,1327,2479,1546,2 1474,1105,3171,1916,1 
DSC_0611.JPG 2549,2329,3296,2766,2 1208,218,2632,525,1 
DSC_0177.JPG 1185,897,3137,2302,1 
DSC_0163.JPG 1380,978,3152,2107,1 
DSC_0605.JPG 2079,1848,3056,2249,2 1,128,807,318,1 
DSC_0639.JPG 2324,1305,2791,1592,2 1562,1034,3366,2084,1 
DSC_0188.JPG 1453,845,3453,2302,1 
DSC_0765.JPG 2057,1483,2516,1963,2 
DSC_0771.JPG 2033,1465,2671,1942,2 
DSC_0201.JPG 1430,969,3211,2097,1 
DSC_0567.JPG 2412,1918,4276,2826,1 2210,1699,2509,1792,2 1742,1536,2990,2027,1 
DSC_0573.JPG 2046,942,3096,1644,1 3276,1052,3518,1234,2 2930,858,3839,1435,1 
DSC_0215.JPG 1220,883,3125,2226,1 
DSC_0229.JPG 2006,1288,2692,1674,2 
DSC_0598.JPG 405,2373,1218,2826,2 
DSC_0599.JPG 2442,2083,3309,2706,2 
DSC_0214.JPG 1349,978,3134,2112,1 
DSC_0200.JPG 1439,974,3230,2107,1 
DSC_0566.JPG 974,1185,3265,2132,1 1,1205,798,2002,1 
DSC_0770.JPG 2007,1524,2683,1938,2 
DSC_0764.JPG 2018,1459,2665,1942,2 
DSC_0189.JPG 1515,926,3287,2150,1 
DSC_0638.JPG 2107,1559,2399,1763,2 1637,1421,2895,1988,1 
DSC_0162.JPG 1352,983,3147,2107,1 
DSC_0604.JPG 2642,2216,3629,2869,2 
DSC_0176.JPG 1368,969,3154,2097,1 
DSC_0348.JPG 2036,1344,2534,1568,2 1341,1096,3232,1992,1 
DSC_0360.JPG 1477,1198,3193,1952,1 
DSC_0374.JPG 1317,1105,3203,2018,1 
DSC_0362.JPG 1320,1135,3270,2093,1 
DSC_0404.JPG 1961,1371,2619,1750,2 
DSC_0606.JPG 2236,2025,3089,2579,2 
DSC_0160.JPG 2009,1250,2623,1740,2 
DSC_0174.JPG 1280,826,3380,2369,1 
DSC_0612.JPG 1871,1238,2632,1715,2 
DSC_0148.JPG 1913,1369,2547,1664,2 
DSC_0766.JPG 2077,1487,2536,1967,2 
DSC_0216.JPG 1258,835,3363,2359,1 
DSC_0570.JPG 2406,2182,3354,2800,1 2350,1688,3058,2086,1 2604,1818,2816,1918,2 
DSC_0564.JPG 1445,1465,3009,2229,1 1,1922,321,2219,2 1,1625,1031,2583,1 
DSC_0202.JPG 1206,926,3182,2374,1 
DSC_0559.JPG 2032,1170,3634,1950,1 1727,991,2024,1088,2 1267,850,2444,1305,1 
DSC_0565.JPG 2186,1285,3539,1858,1 1261,1708,1631,1925,2 605,1465,2349,2363,1 
DSC_0203.JPG 1153,845,3268,2407,1 
DSC_0217.JPG 1415,845,3458,2335,1 
DSC_0571.JPG 2827,1038,3059,1165,2 2467,855,3369,1380,1 1721,1252,2832,1982,1 
DSC_0767.JPG 1933,1559,2583,2036,2 
DSC_0149.JPG 1923,1369,2552,1664,2 
DSC_0175.JPG 1394,878,3394,2330,1 
DSC_0607.JPG 375,2339,1235,2856,2 
DSC_0161.JPG 2095,1274,2519,1716,2 
DSC_0439.JPG 1920,1079,2882,2313,2 
DSC_0363.JPG 1430,1122,3197,1975,1 
DSC_0405.JPG 1974,1371,2632,1750,2 
